AiwassAeon	0	2140	45090	60967	1	0
BamaBagz	0	1622	870	3770	1	0
GotaGreatStory	0	2333	398	3801	1	0
own3d1992	0	1609	1	925	1	0
yulonpai	0	2608	1	238	0	1
Wasteddayswastednigh	0	1618	1	456	0	0
lordx3n0saeon	0	1922	26450	83485	0	0
Passion_Fish	0	1665	73	680	0	0
ethertrace	0	2719	2353	120690	1	0
edwwsw	0	2038	21002	46714	1	0
KaladinStorms	0	1839	12491	54153	1	0
Hisiru	0	1782	189	7560	1	0
ThisDerpForSale	0	2664	1904	206704	1	1
anawfullotoffalafel	0	2396	9822	12528	1	0
lilmonstertruck	0	1932	32515	23980	1	0
iRawrYou	0	2210	3394	508	1	0
Mbwanderski	0	2259	431	1791	1	0
slurpeecookie	0	2395	1	236	1	0
Spycrabber	0	1608	2005	3723	1	0
Lumpiest_Princess	0	1905	3627	57437	1	1
moufestaphio	0	3455	1225	17428	0	0
Littlebigman57	0	2198	15436	18708	1	0
Mr_Degroot	0	2025	1791	27657	1	0
stoopkid13	0	2895	703	34464	1	0
Kimberlion97	0	1910	469	2184	1	0
FlashpointJ24	0	1937	545	111586	1	0
IReadMangos	0	1796	224	1142	1	0
dopeboymagic23	0	1626	574	3942	0	0
Ultimaniacx4	0	1663	4881	31387	0	0
smmac135	0	1819	2708	601	1	0
Themaninplainsight	0	1612	1	46	0	0
AutoModerator	0	2687	1778	445850	1	1
DrDogecoin	0	1736	169	484	1	0
phys_plant_sucks	0	2377	38	3	0	0
kikiquynh	0	1868	1747	1576	1	0
Mister-Mayhem	0	1617	157	24192	1	0
PicopicoEMD	0	2734	14841	81790	1	0
Leopold_Darkworth	0	2208	3387	27942	1	1
Goombill	0	1743	235	17464	1	0
drb00b	0	2595	396	10234	0	1
mccalesa	0	2879	4827	4824	1	0
Humminglady	0	1964	312	5944	1	1
brinkofhumor	0	2955	6215	27251	1	0
yamamushi	0	3213	11335	12269	1	1
Shardwing	0	2627	7830	117119	1	0
HelpingMan1996	0	1633	71	705	1	0
Bearpaw700	0	2559	8990	15335	1	0
yoman74	0	1603	1	9	1	0
bossygatomon	0	2856	491	968	1	0
sb4llfe	0	1897	1	11044	1	0
LargeBody76	0	2395	12110	2348	1	0
RoyMahoy	0	1797	9887	834	1	0
atlasimpure	0	2043	280	22012	1	0
thecoremiester	0	1757	25	1843	1	0
scaredsquee	0	3353	1735	29349	1	0
DoTheDinosaur	0	2651	677	3558	0	0
BlackOptimist	0	1885	244	6155	1	0
LurtisCazar	0	1619	875	3845	1	0
ChildOfTheFence19	0	1679	312	336	1	0
Purednuht	0	2221	321	23172	1	0
iNmr_	0	1823	726	588	1	0
glibly17	0	1729	152	20088	0	0
gameboy17	0	2343	9894	78183	1	0
laXfever34	0	2187	358	11627	1	0
Voltstagge	0	1909	8367	64296	1	0
HellaFella420	0	2126	42849	24061	1	0
BeingMyselfThanks	0	2167	175	230	1	0
swarls14barkley	0	2008	939	14931	0	0
flyinnn	0	1674	1	7	0	0
DrSpaceman689	0	2526	31	2465	1	0
PoisonousPlatypus	0	2369	4919	106675	0	0
1littleb	0	1608	1	66	0	0
FIERY_URETHRA	0	1610	1770	31521	1	0
kablamor	0	2358	1	256	0	0
SnowdensOfYesteryear	0	3539	13038	176500	1	0
Soltheron	0	2769	3949	112913	1	0
atriax	0	2171	1604	198196	1	0
Prayygu	0	1646	1	7149	1	0
Nakare	0	1870	1	92	0	0
Curisu	0	2338	79	840	1	0
Bomb_Anecdote	0	1752	1073	44156	1	0
ExoStranger	0	1670	7	8493	1	0
SoMuchSwug	0	1596	1	0	0	0
redialed	0	2097	16	1375	1	0
methmobile	0	1970	4	5888	1	0
lurppis_	0	1787	639	7318	1	0
Skratt	0	1999	31180	11665	1	0
Alfredruth	0	1765	4406	5554	1	0
0netomany	0	2197	4	454	1	0
AutoModerator	0	2687	1778	445850	1	1
tissboom	0	1612	8666	15309	0	0
TrippyToast0	0	1719	1186	31217	0	0
The_Reebokman	0	1843	2752	6061	0	0
Yu-GoBB	0	1687	51	321	1	0
GamingRend0	0	1968	1390	28404	1	0
Zilchopincho	0	2330	1757	12053	1	1
tinshmeco	0	1610	32	1148	0	0
yoman74	0	1603	1	9	1	0
supremeoverlordkai1	0	1596	1	5	0	0
SuperWizard68	0	1807	259	8625	1	0
MiniTuk	0	2446	56	613	1	0
ShadicNanaya510	0	2465	494	8125	0	0
quickdrawmc_graw	0	2046	40	525	1	0
drakfyre	0	3230	13038	34889	1	1
jwbt123	0	1963	54217	65120	1	0
ChowHound37	0	1919	637	1180	0	0
Jstear92	0	1599	25	82	1	0
getawhatwhat	0	2203	1106	682	0	0
CheeseBurgerFetish	0	2149	1025	14990	1	0
samcamerlengo	0	2436	14080	638	1	1
Traches	0	1951	2014	23129	1	0
thefatticuscat	0	1620	10157	8096	1	0
Straight4Beyonce	0	1860	322	5106	1	0
TJHookor	0	3964	7402	53096	1	0
CVfilm	0	2984	194	565	1	0
volatile_floor	0	1890	958	12389	1	0
HippolyteClio	0	1849	837	17623	0	0
HappyMan420	0	2464	2639	23909	1	0
thecurlywurly	0	1618	1881	895	0	0
hahaha_ohwow	0	3361	6859	23076	1	0
Fylak	0	2422	2238	18535	0	0
-Urethra-	0	1984	1812	41657	1	0
DudeWuTangShogun	0	1759	254	413	1	0
pfcgos	0	1772	430	67303	1	0
xacthu	0	1675	1	0	0	0
sbroll	0	2483	28169	168187	1	0
Sweguin	0	1888	5767	22308	1	0
mnimatt	0	1769	726	13610	1	0
rawveggies	0	3155	41824	27616	1	0
mooky1977	0	4284	599	11014	1	0
Aetra	0	3156	57512	97123	1	0
combuchan	0	4224	37714	132625	1	0
9minutetruth-penalty	0	1598	3830	4088	0	0
OJshaker	0	2417	1	72	0	0
TheShaeDee	0	2586	116	14438	1	0
warboy3	0	2641	100	12655	1	0
SamStringTheory	0	2329	5461	8263	0	0
Payton23	0	2650	2435	11373	0	0
Baseballroxs	0	1598	1	0	0	0
Crash_Bandicunt	0	2375	4503	48507	1	0
cischiral	0	2131	11	1804	0	0
tmhawk83	0	2328	20	7963	1	0
deadcrowds	0	1793	58	1574	0	0
Logic_Nuke	0	2256	21529	196667	1	0
WaywardWriter	0	2007	2842	193135	1	0
NoWhammies10	0	2513	1509	34308	1	0
MyNameIs_Jordan	0	1965	5955	55105	0	0
atli_gyrd	0	1734	76	2897	0	0
Joybulb	0	1728	1310	4237	1	0
wizang	0	3919	1189	32361	1	0
squidgemobile	0	2103	2479	2071	0	0
Furuichi	0	2761	644	2132	1	0
tle0001	0	2024	85	688	0	0
Whitecastle56	0	1750	2185	28571	1	0
MastaTrada	0	1740	9	179	1	0
ispeelmydrink	0	2830	10068	120116	1	0
scrambles57	0	2785	4915	129038	1	0
memegusta24	0	2804	1995	1016	1	0
SD_Guy	0	2694	4829	11430	1	0
Rustrobot	0	2589	9664	29033	1	1
green1antern98	0	1614	11	-3	1	0
sumogummy	0	2982	481	297	1	0
indelible_ennui	0	2006	2368	13183	1	0
AutoModerator	0	2687	1778	445850	1	1
tidder4102	0	1688	2	299	1	0
FallenOv	0	2672	302	8811	1	0
The_Donaven	0	1770	1073	68217	0	0
thefattestman22	0	2891	5282	26910	1	0
AndrewK92	0	2070	306	208	0	0
Insub	0	3159	187	15179	1	0
EvadableMoxie	0	3013	5753	160611	1	0
Pm_Me_Gifs_For_Sauce	0	1773	48605	152789	1	0
DubiumGuy	0	3320	2967	99853	1	0
Half-Shot	0	2375	829	16226	1	0
suckhaterz	0	2432	807	663	1	0
Sabrina_Cage	0	1598	1	118	0	0
MetalChick	0	3029	4236	35073	1	0
theguyreddithates	0	1924	1	-23	0	0
ashsimmonds	0	3696	9776	35304	1	0
blackaurora	0	2079	1285	6804	1	0
darkmaster5123	0	2250	1376	569	1	0
ImBananaPooping	0	1728	996	3749	0	0
iSWINE	0	2599	6595	100402	1	0
goob3r11	0	2661	122	18755	1	0
CapWasRight	0	2878	1394	64552	1	0
Silestrio	0	1826	3991	2566	0	0
smunchyblue	0	2195	8370	156121	1	1
emsuea	0	1610	4	67	1	0
fish_slap_republic	0	2467	290	26753	1	0
Fynks	0	1608	2	110	0	0
top_owl	0	1690	376	154	1	0
Thisbymaster	0	2103	643	73315	1	0
HunterofSquirrels	0	1904	103	1647	1	0
jdbrew	0	2500	14791	120574	1	0
uliarliarpantsonfire	0	2135	1128	50381	1	0
Ghost17088	0	2662	1137	51157	0	0
Eliroo	0	2307	356	13450	0	0
izocu	0	2512	6709	4865	1	0
speedforcebarry	0	2146	95	8872	1	0
amdrag20	0	2212	4769	12451	1	1
PM_Me_Clavicle_Pics	0	1755	1314	227136	0	0
flogmacgnaw	0	1910	61	299	0	0
AutoModerator	0	2687	1778	445850	1	1
Shumakun	0	1939	24	4	0	0
I_AM_SUPERHANS	0	1867	23	195	0	0
undercovertexan	0	2061	32123	78702	1	1
XDTIdolGrovyleXD	0	1825	127	122	0	0
restlessEternity	0	1900	9	161	0	0
Lo-Ping	0	1688	5910	13218	1	0
Blaphtome	0	2801	2041	30089	1	0
rumandwrite	0	1697	7	2628	1	0
iNeedSaddleForMyDrgn	0	2080	45	9537	1	0
BamaPride95	0	1875	1926	27014	1	0
NotTheBatman	0	2962	17	12341	1	0
smmac135	0	1819	2708	601	1	0
xHaZxMaTx	0	2829	111679	145259	1	1
zibberfly	0	2305	517	1088	1	0
KoKansei	0	2766	4120	47278	1	0
arthurpaliden	0	2393	33523	208836	1	0
EkimSretlaw	0	2124	204	4815	0	0
ChickenDinero	0	1909	4703	17232	0	0
CA719	0	2856	44384	172026	1	0
saltrack	0	2465	248	24787	1	0
joat217	0	2708	9466	11074	1	0
StrangerThanReality	0	2104	3	1083	1	0
ghoti123	0	2477	3088	2633	1	0
Crispyjimmy	0	1833	1	773	0	0
alexxerth	0	2515	12166	491769	1	0
Gjones18	0	2687	1034	21359	1	0
BN3140	0	1830	50	215	1	0
Tyken009	0	2640	172	1429	0	0
lovekillah	0	1978	28	49	0	0
trylliana	0	1955	216	7756	0	0
bradley129	0	1778	892	15513	1	0
Blixten_rs	0	1726	12185	4276	1	0
cee_smooth	0	2641	61	1142	1	0
Retr0Capez	0	1871	4751	14497	1	0
bend1310	0	1860	2880	19087	0	0
Vyseraax	0	2121	9	356	1	1
PicopicoEMD	0	2734	14841	81790	1	0
allroy1975A	0	1905	147	14044	0	0
Voroxpete	0	2305	465	94643	1	0
Chainsaw__Monkey	0	2213	750	75860	1	0
yokobono	0	3407	24	2707	1	0
swimfellow	0	2760	6686	13629	1	0
SME64	0	1959	5027	13186	1	1
WhiskeyCup	0	2815	3750	47511	1	0
Veritas413	0	2811	310	23028	1	1
The-Walking-Based	0	1617	14084	27202	1	0
FistOfFacepalm	0	2991	1986	47938	1	1
Rex1130	0	2423	252	2693	1	0
pennypoppet	0	1966	24	64306	1	0
ShadowtheEmo	0	1957	667	2769	1	0
LuckyBdx4	0	4124	367549	131558	1	0
LASteady	0	2013	1	1939	0	0
Purednuht	0	2221	321	23172	1	0
grandmacaesar	0	2572	20303	10459	1	0
Vocith	0	2447	1	24462	0	0
Avaylos	0	2894	1	-28	0	0
10splaya22	0	2240	290	450	1	0
Bobblefighterman	0	2377	2314	288949	1	0
cormegga	0	1630	186	7990	1	0
I_ate_a_milkshake	0	2830	2958	146980	1	0
lumpydukeofspacenuts	0	1957	3703	14510	0	0
VectorDotZero	0	2273	111	20232	1	0
AlbinosRideDinos	0	1628	2406	28786	1	0
RevLoki	0	3269	17392	30646	1	0
ThisTemporaryLife	0	2829	4147	91204	1	0
RuggerRigger	0	2689	2164	30061	1	0
twiggy_trippit	0	3917	20077	15629	1	0
r_antrobus	0	2364	148642	201160	1	1
iThrowRoxAtBlindKids	0	2122	14	987	0	0
goatsaredumb	0	2235	5839	30326	1	1
codinmonke	0	1597	1	0	0	0
MonkeyRugger	0	1783	1252	1481	1	0
raverona	0	2565	3	2781	1	0
Bowman96	0	2444	548	872	1	0
AllezCannes	0	2140	110171	169851	1	0
Franky_B21	0	2648	29	7357	0	0
verdatum	0	3109	6253	199854	1	1
WuSin	0	2060	166	9642	1	0
infoterror	0	2379	89	3178	1	0
tequilansquirt	0	2045	120	79	1	0
allonsyyy	0	2218	1673	41202	1	0
mildlynegative	0	2154	14418	10491	1	0
4THOT	0	2628	64941	346912	1	0
JohnSquiggleton	0	2267	3968	11542	1	0
DrunkenWombat	0	3137	1510	496	1	0
moonyenoom	0	2055	291	1130	1	0
CostcoTimeMachine	0	1960	1	36692	0	0
cephalopodie	0	2549	1	3397	0	0
Gvibe471	0	1844	2110	3162	0	0
ooppoop	0	2188	1849	5013	0	0
pondicus	0	2691	1736	14915	1	0
King_Tofu	0	2717	385	2283	1	0
lorific	0	2386	49	1952	0	0
cygnice	0	2784	592	17254	1	0
tweeknpinch	0	1779	6	5018	1	0
Psychotic_oreos	0	2153	43	78	0	0
lagpwned	0	1606	349	2926	0	0
W_DC	0	2763	292	1950	1	0
Roid-Away	0	1646	681	8487	0	0
neo0913101242261	0	1630	44	1062	1	0
blahs44	0	2402	4512	46285	1	0
SaulGoodmanJD	0	2241	2949	16092	1	0
anawfullotoffalafel	0	2396	9822	12528	1	0
tobaccowhacko	0	2042	3640	11129	1	0
abraksis747	0	1965	12107	729383	1	0
Crooty	0	1738	16574	153362	1	0
moldy_walrus	0	2734	1717	23818	1	0
pethoviejo	0	2104	1	115	0	0
Gym_Leader_Erika	0	1879	406	2253	1	0
Bigirishjuggalo1	0	2416	15662	49609	1	0
JeanValJaver	0	2320	49	2527	0	0
marian_ruffa	0	1975	4511	2409	1	0
SG_Baka	0	1754	189	2109	0	0
susweca2	0	2430	856	276	1	0
Kayfabe666	0	2861	43364	8088	1	1
MyUsername0_0	0	1841	3662	47751	1	0
MuchoGrande	0	2644	6670	6185	1	0
alextoyalex	0	2440	7634	49867	1	1
thepotatochronicles	0	2398	7440	75839	1	1
account_user_name	0	1712	4808	2609	1	0
_wumbo_	0	2321	112296	19942	1	0
Awesomesauce1492	0	2730	11253	5029	1	0
yappersgirl	0	2144	1169	496	1	0
bitchinunicorn	0	1693	1	8	0	0
sorryiscaredyou	0	1704	1	121	0	0
qmaz246	0	2562	9829	12235	1	0
dragonfangxl	0	2224	100881	120485	1	0
aGoldenWhale	0	1599	135	1813	0	0
relikter	0	3115	4897	32772	1	0
Kaserbeam	0	1854	332	66459	1	0
BestPersonOnTheNet	0	2600	200	56891	0	0
Facelamp	0	2517	196	946	1	0
SaveusAlex	0	3072	2293	25417	1	0
BendoverOR	0	2594	32017	188177	1	0
JoseTwitterFan	0	2172	593570	20959	1	1
MeGustaTortugas	0	2931	17397	21118	1	1
PhytOxRiKER	0	2718	731	13384	1	0
findthetime14	0	1709	90	3681	1	0
Orsenfelt	0	3942	2014	163422	1	0
momster	0	3394	1227	22155	1	0
honeymang	0	1976	1	190	0	0
cbraga	0	4369	7661	17876	1	0
derphurr	0	3098	13480	38925	1	0
jeremyps	0	1694	258	279	1	0
thehulk91	0	2205	433	613	1	0
SilentExorcist	0	2873	2911	12808	0	0
sillycyco	0	2489	275	41664	1	0
tipo19	0	2175	6468	15312	1	0
EnigmaticWayfarer	0	1746	20	4125	0	0
GigawattSandwich	0	2690	6600	18864	0	0
inevitabled34th	0	2202	3674	38616	1	0
jbcorny	0	3961	12279	27297	1	0
manbearkat	0	1782	1916	39995	1	0
susysyay	0	2073	7	479	1	0
bloodcoffee	0	2310	1377	8052	1	0
rambosalad	0	2026	74	14081	1	0
DemonLizardman	0	2487	1	18	0	0
twisted_planet	0	1639	473	6945	1	0
CheezyPantz	0	2341	434	8731	1	0
sevenfourfive	0	1880	463	3414	1	0
ifiasco	0	2241	970	34808	1	0
R0sc0E	0	1717	3792	2500	1	0
gcm90	0	2478	2174	3222	0	0
jinxjar	0	1771	1	57671	1	0
mb9023	0	2941	692	71504	1	0
TheDarth45	0	2561	14	1354	1	0
GeraltofMeowia	0	1684	5166	6981	1	0
Taylor_Kittenface	0	2477	6102	22400	1	0
flotiste	0	2978	9968	55778	1	0
minichibis	0	1616	3535	4347	0	0
Avien	0	2925	8609	189001	1	1
livexwire2014	0	2346	10397	35878	1	0
deluxejoe	0	1739	2498	101346	1	0
BackOffFool	0	3044	1	319	0	0
-MaJiC-	0	2377	12325	32796	1	0
iNViSiBiLiTi	0	1797	3707	57357	1	0
manofmercy97	0	1655	8676	21656	0	0
yetanotherwoo	0	2939	898	6152	1	0
Rosalee	0	3039	11439	11536	1	0
Xephyron	0	2717	13276	65309	1	0
Geosaurusrex	0	1800	6642	193173	1	0
dannylikespoonani	0	2609	887	175	1	0
pf_retirement	0	1601	1	5	1	0
helraizr	0	3359	158	3880	1	0
yoitsblang	0	1793	8	165	1	0
AutoModerator	0	2687	1778	445850	1	1
GraceGallis	0	1962	186	4841	0	0
FrontpageWatch	0	2139	849774	6158	1	0
RussianHobo115	0	2690	360	2341	1	0
OxyBro	0	2773	435	352	1	0
NameIsMaro	0	2148	65	2111	1	0
shadowsindarkness	0	1701	14	4838	0	0
Mayo_Wrestling-	0	1622	25	239	0	0
msobelle	0	2180	15549	129255	1	1
Khaiyan	0	2022	7932	33521	1	0
Nairbnotsew	0	1980	6649	22262	1	0
XxXSwagMstrSprmeXXx	0	1605	50	15	0	0
al343806	0	3912	9285	41010	0	0
Secreties	0	1664	489	2684	1	0
FrontpageWatch	0	2139	849774	6158	1	0
insane_contin	0	2220	5087	188414	1	0
Dreambelieva	0	2398	1941	21521	1	0
TheGreenGonzales	0	1603	109	267	1	0
Nerx	0	2638	25705	31462	1	0
UpsetUnicorn	0	3115	2379	44704	1	1
AthenaPb	0	1900	7	12038	0	0
MuNought	0	2513	378	4801	1	1
Gerth13	0	2750	43	61	0	0
42life	0	1597	20	857	0	0
tsuki_toh_hoshi	0	2718	1327	18219	0	0
camshell	0	2679	63	26857	0	1
Eric-R	0	2370	264	36526	1	0
atomicimploder	0	2169	1187	347204	1	0
programthrowaway1	0	1925	395	4981	1	1
breakmefaster	0	2319	8307	4535	1	0
makiodaflash	0	1686	1	9361	0	0
JoseJimeniz	0	2601	419	131455	1	0
catsaremagic	0	1911	134	2633	1	0
chillster84	0	2873	10	3050	0	0
ScathachRises	0	1937	1096	13026	1	0
Del_lobo	0	2555	15987	2418	1	0
realtunechi5	0	2139	581	24920	1	0
ultimapenguin77	0	2312	18	1184	1	0
Devils_Own_Slave	0	1803	441	255	0	0
tri_wine	0	4010	4400	27244	0	0
vee1rot8	0	2448	1	54	0	0
Fuck_auto_tabs	0	1658	1266	48273	0	0
Words_of_Nelim	0	2039	12	2838	0	0
apunkgaming	0	2232	447	16023	1	0
greenserpent25	0	1800	8457	14910	1	0
AnalDestroyer69	0	2229	859	380	1	0
OGtoofless	0	2416	846	17473	1	0
torresfanatic	0	2441	2787	819	1	0
kickingpplisfun	0	2779	1075	113336	1	0
Khanstant	0	3983	5125	217722	1	0
WhoKnewWhatWhen	0	1623	58	1468	0	0
NO_LUBE_FOR_YOU	0	1765	26	861	0	0
Aule_Metele	0	2423	62	1960	1	1
Foxdie813	0	2786	49	-100	1	0
kepleronlyknows	0	2933	37726	116701	1	0
AlecB2107	0	1948	518	829	1	0
jhaase_47	0	1598	14	2600	1	0
Sabrina_Cage	0	1598	1	118	0	0
Sovietrussia92	0	2275	4706	49254	1	0
drunkfoowl	0	3546	631	11572	1	0
codinmonke	0	1597	1	0	0	0
ThrasherFC	0	2042	566	2772	0	0
lolmonger	0	2977	118516	312918	1	0
ChannyyBoyy	0	1942	212	195	1	0
ssbbgo	0	1904	590	87156	1	0
Falkjaer	0	2460	193	30648	1	0
Fulker01	0	2499	8396	30492	1	0
badgarok725	0	2727	2216	171615	1	1
Go_Sabres	0	2399	821	5323	0	0
DoctorDerpy	0	2486	13224	9431	1	0
codex561	0	1921	13986	10819	0	0
bardwick	0	2636	1701	61597	1	0
leebekben	0	2378	2170	1428	1	0
carmasterzaib	0	1876	1579	15153	1	0
Calebfro	0	2145	1731	1582	1	0
kr613	0	3064	8167	47980	0	0
AutoModerator	0	2687	1778	445850	1	1
KetoJam	0	1829	547	14350	1	0
apt-get_-y_tittypics	0	1904	6828	6287	1	0
forgetful_storytellr	0	2615	4682	30913	0	0
RememberCitadel	0	2465	3	17027	1	0
MX21	0	2170	926	21583	1	0
-VX9-	0	1720	351	4291	0	0
WNW3	0	3848	6959	64572	1	0
Incogneto_Window	0	2761	1626	2106	1	0
Inframidi	0	2332	1343	45825	1	1
symmetryeal	0	2616	3042	5078	1	0
ohdang20	0	2925	363	956	0	1
MiCoHEART	0	2449	1	6665	0	0
thesircuddles	0	2683	33673	48947	1	0
BardofRosenheim	0	1597	209	926	1	0
EcstasyAeternus	0	2723	686	1474	1	0
trampabroad	0	1874	27834	96359	1	0
zqxinran	0	2477	947	489	0	0
ravenball	0	2170	54	829	0	0
a_standup_guy	0	1609	9034	11992	1	0
Minniebunny	0	1803	41754	15998	1	0
broncosandwrestling	0	1674	5434	69525	1	0
jrfess	0	1979	4330	12252	1	1
GODZILLAS_ROAR	0	1805	1	5	0	0
HULKx	0	1902	6280	71088	1	0
Lybychick	0	2239	403	35483	1	0
f00gers	0	2483	1881	38507	0	0
viceroyofmontecristo	0	2710	24314	25963	1	0
JohnLocke815	0	2390	40964	42229	1	0
John_Fx	0	2787	2065	91423	1	0
D9sinc	0	2560	1534	49381	1	0
cantaloupelol	0	1717	3	142	0	0
crazzyazzy	0	2718	244	6774	1	0
RP_HEHE	0	1622	1	302	0	0
MaybeLikesAnal	0	1931	1	25	0	0
DaminDrexil	0	2685	13877	273602	1	1
smalltownlad	0	1797	1	77	0	0
IAmTheWalkingDead	0	2371	933	29980	0	0
DeathB4DNF	0	2374	77	6408	0	0
DawnsBreaker45	0	2228	4834	25032	1	0
onimushalord	0	2175	89	2664	1	0
vomitCow	0	2128	3650	5082	1	1
Mullhair	0	1651	1	1	0	0
blackman002	0	2687	6193	2877	1	0
stahiro	0	1910	1854	6480	1	0
EatSleepJeep	0	3886	29283	238897	1	0
MegaBond	0	1749	11573	911	0	0
thingsiloathe	0	2352	1508	8563	1	1
sunnyandtony	0	2169	2426	17974	1	0
Laguna924	0	2780	119	11351	0	0
JQuilty	0	2721	1831	132640	1	1
sdk2g	0	2856	61	17363	1	0
The_Reebokman	0	1843	2752	6061	0	0
jmthibea	0	3162	4231	599	0	0
todd200	0	2663	106	1916	1	0
caseyoc	0	1637	1731	57709	1	0
russianbeastt	0	1663	13	1529	1	0
MikeTarrian	0	1742	1842	8290	1	0
holehitta	0	1947	448	1195	1	0
Outburstz	0	1890	668	52063	0	0
Fuck_if_I_know	0	2507	301	5752	1	0
OlyvarSand_	0	1655	1	0	0	0
Doomjester11	0	2192	582	13973	0	0
drumman44	0	2619	569	15753	1	0
JSoNStrO	0	1598	1	0	0	0
CaptainSlippery	0	3309	1213	21760	1	0
DominicanFury	0	2124	155	3421	1	0
TheAudio	0	2862	949	3573	1	0
mvaneerde	0	3006	1752	21759	1	1
SMASH917	0	2027	86	933	1	0
BigHatL0gan	0	1602	66	1501	1	0
heavensmasher	0	2372	431	231	0	0
Iisham	0	1930	40	61941	0	0
MetalKinzoku	0	2255	190	251	0	0
richardnixon_	0	2535	1967	60309	1	0
menageafoie	0	2578	1	4185	1	0
_shift	0	3886	1765	38634	1	0
markrages	0	4809	1720	6195	1	0
endshow	0	1618	40	3277	0	0
CJHaam	0	2023	215	1653	0	0
kicka11	0	3168	1307	29477	1	1
RogueShiny7	0	1605	1	8	1	0
Arctic_Ranger	0	2474	2	3894	0	0
Vortilex	0	2995	28022	52078	1	1
johnjaysmithy	0	1980	1024	3118	1	0
jreynoso91	0	1622	1	2	0	0
tembaarmswide	0	2408	1668	19299	1	0
STUNT1990	0	1999	2720	11802	1	0
1Down	0	2721	1537	61152	1	0
morphheus	0	2215	2452	13735	1	0
wahtisthisidonteven	0	1836	295	75155	0	0
apachestop	0	1849	739	4494	0	0
Zach_McFlyy	0	1799	57	92	0	0
Mr_Cumbox	0	2449	27	70126	0	0
I_am_the_grass	0	2310	10620	13751	1	0
rpsyed	0	1676	1006	1638	1	0
noah695	0	1840	46	2338	1	0
BustedBlade	0	2589	268	2935	1	0
TheColorK	0	1596	591	119	1	0
sgroppenbecker	0	2238	1	120	1	0
cactus_on_the_stair	0	2599	150	2323	1	0
Crumsion	0	2592	119	1409	0	0
worskies	0	2821	111	20065	1	0
darcevader88	0	2928	552	20487	1	0
echtav	0	2239	16908	165939	1	0
Bashlet	0	2689	3381	6747	1	0
Throwaway_4_opinions	0	3093	173207	54922	1	0
Sal4mand3r	0	1674	903	162	1	0
Zee_dee	0	1769	627	5159	1	0
Reamofqtips	0	2259	23756	44855	1	0
AlexanderNigma	0	1611	7090	39545	1	0
FoFoJoe	0	2653	308	5564	1	0
thesoundsyouknow	0	1797	6338	17829	1	0
fether	0	2518	22121	23959	1	1
Sliperyfish	0	3771	696	12216	0	0
tcatron565	0	2425	12244	81050	1	0
pienthasky	0	2137	66	3498	0	0
leeloospanties	0	1948	37143	6219	1	0
anon1428	0	1937	11	15167	0	0
permareddit	0	2764	8184	59206	1	1
Mbwanderski	0	2259	431	1791	1	0
gibbons_iyf	0	2141	223	15308	1	0
spirolateral	0	2068	1913	46786	1	0
vidxx	0	2889	109	1086	1	0
TheEpicGrapefruit	0	1776	17707	2532	0	0
Braviary	0	2993	34	850	0	0
Jubilee_Street	0	2083	818	716	1	0
iPoopOnPeoples	0	2359	122	15613	0	0
veni_vidi_vale	0	1938	37117	64486	1	0
Scorpinock	0	2187	2993	28899	1	0
wildgwest	0	2318	431	4509	0	0
mstrgrieves	0	2560	917	32924	0	0
DaIncredibleK	0	1954	152	129	1	0
esharkin	0	2167	72	901	0	0
PM_ME_SOME_STORIES	0	1773	17227	23247	1	0
Indianbutnotreally	0	1613	1	12087	0	0
wuxbustah8	0	2449	168	2796	1	0
Anally_Distressed	0	2328	275	39536	0	0
LyotchikSniper	0	1666	1324	43	1	0
bl1y	0	3362	27456	399552	1	1
swanster06248	0	1601	19	2238	0	0
Cato94	0	1681	20813	6696	1	0
AaronRoots427	0	1915	1539	4739	0	0
OpIvyFanatic	0	1956	10272	18855	0	0
KyKobra	0	2442	202	44053	1	0
Davoness	0	1664	2104	30300	1	0
ryan924	0	2008	31427	159244	0	0
Sane333	0	2614	22895	119113	1	0
RhoosterDiesel	0	1742	15186	4049	1	0
Dermon	0	2835	1	148	1	0
davelargent	0	2521	1971	1104	1	0
DoctrVendetta	0	1968	4550	5903	1	0
iswearimnotnaked	0	1769	1	156	0	0
hurricanelantern	0	1889	9375	128514	1	0
Michigan_Apples	0	1611	8	3075	0	0
dragonsareking1	0	1596	1	0	1	0
NiftyManiac	0	2696	1386	3543	1	0
CaptainDoubtful	0	2979	1236	5255	1	1
mish_moosh	0	1669	11	301	0	0
BabyBladder	0	1955	3113	95318	1	0
daverod74	0	2549	509	29468	1	0
tetondon	0	2225	1704	68812	0	0
moonflowervine	0	2540	6352	4548	1	0
Bladex454	0	2189	4933	16830	1	0
rxghost	0	1817	16	256	0	0
wangmonster	0	1751	364	12478	0	0
havoc_bot	0	2157	400500	2843	0	0
jcis27	0	1891	929	4564	1	0
cvelz	0	1634	102210	162072	1	1
icamom	0	1797	5117	65858	1	0
fahque650	0	2510	3596	44944	1	0
Jayraps	0	2096	3093	7691	1	0
Leprechorn	0	2090	621	98367	0	0
joannchilada	0	3179	30580	70393	1	0
altarofgraceland	0	2743	59	1508	0	0
sorry_wasntlistening	0	1666	19865	102351	1	1
3ntl3r	0	2014	18	22913	1	0
Nuuge20	0	1652	4291	1879	1	0
mrbiggens	0	3103	1849	5316	1	0
picketeer	0	1596	1	37	0	0
MichaelRUnderwood	0	2325	861	2077	1	0
dankine	0	2640	752	151382	1	0
tfresca	0	2396	15944	134107	0	0
drummersix	0	1812	220	3979	1	0
polidact	0	2142	202	296	1	0
slendyslendycakes	0	2429	1886	1134	1	1
the_tauntaun_dude	0	2519	88	1442	1	1
Kami_Senpai	0	1705	1	35	1	0
jscoppe	0	3748	9884	148176	1	0
justbecause987	0	1943	3	45	1	0
DrPineappleButts	0	2055	1884	13412	1	0
InertiaCreeping	0	2821	10678	38937	1	0
440Hz	0	3180	8	1673	1	0
Maridiem	0	2253	11666	64560	1	0
BabyT08	0	2479	395	612	1	0
RedRadawan	0	1992	1244	10861	1	0
molonlabe88	0	2419	57410	59762	1	1
deweese3	0	3456	450	7142	1	0
CaptMcAllister	0	1603	7984	200171	1	0
jonodavis	0	2986	10	3031	1	0
badillin	0	2913	9430	28182	1	0
MegaLordmuffin	0	2005	803	1248	1	0
MistressMandalore	0	1723	430	260	0	0
bmcg2201	0	2336	4246	10977	1	0
animatedglory	0	2134	299	21	0	0
peppajack217	0	2949	1557	1368	1	0
Doctor_McKay	0	2568	24985	162136	1	0
chasingcars825	0	1883	1113	2242	1	0
zhaoliya	0	2304	1362	32407	1	0
Treat_Choself	0	1603	274	6702	1	0
Sethowar	0	1719	2970	10981	1	0
PoonieGee	0	1614	1	-20	0	0
Domovoi0ng	0	2147	13428	1675	1	0
iIIidAn	0	2115	150	1017	1	1
getawhatwhat	0	2203	1106	682	0	0
bananaking420	0	1743	340	4697	1	0
Sarsonator	0	2168	1044	2585	0	0
Kuwabara_Kuwabara_	0	1777	1	3086	1	0
Hairless_Talking_Ape	0	1831	1	61475	0	0
Flyflyersfly28	0	2320	95	3463	0	0
T1Penguin	0	2241	320	2007	1	0
InebriatdNewtFancier	0	1619	93	1614	0	0
WhatABlindManSees	0	2061	760	12487	1	0
Lenintrotsky	0	1599	439	251	0	0
AutoModerator	0	2687	1778	445850	1	1
ZombiePudding	0	1919	195	8999	1	0
GhibliOverDisney	0	1603	1	17	1	0
cpt_bongwater	0	3496	3477	21150	1	0
NinjaGinny	0	2759	1	8868	0	0
rainbowmoonheartache	0	1920	2441	20533	1	0
Schoffleine	0	3041	2989	95267	1	0
Norn-Iron	0	2387	39499	77722	1	0
Joshua_P	0	2007	3275	29699	1	1
x9a	0	1968	669	2554	1	0
monkeyhandler	0	2560	5876	22426	0	0
someone_witty	0	1772	1199	29982	1	0
pizzaloser	0	1923	16	146	0	0
TheSpanishImposition	0	2161	34031	130480	1	0
dangle_badger	0	2294	42	1916	0	0
FlapjackJackson	0	2177	2634	19147	1	0
GeorgFestrunk	0	2023	1235	15847	1	0
VaultDweller23	0	1744	1	1	0	0
OffersVodka	0	1617	107	32038	1	0
DBPFR	0	1599	4	1135	0	0
symmetryeal	0	2616	3042	5078	1	0
a_nus	0	2067	1	3608	1	0
ToastedFireBomb	0	1850	207	197282	1	1
heterobear	0	1702	1	1594	0	0
nickylas10	0	2111	154	8011	1	0
_toro	0	1839	8873	10366	0	0
NaughtyCrafter	0	1772	10	200	0	0
itguy336	0	1787	61	325	0	0
NightOwlEye	0	2011	126	139267	0	0
420smokeweed	0	2739	653	13664	0	0
SaulGoodmanJD	0	2241	2949	16092	1	0
brentwilliams2	0	3751	1423	28360	1	0
codemonkey010	0	1790	115	7669	1	0
dipdac	0	1955	7793	13120	1	0
Muriako	0	2471	13524	17203	1	0
PopRockRoll	0	2565	9245	12751	1	1
Garraz	0	1609	1	1	0	0
Tewks44	0	2698	1812	152604	1	1
GrundleofSticks	0	1755	1	72	0	0
nonhumanperson	0	1904	1915	922	1	0
PDXTony	0	1923	52	29513	1	0
shadycrop	0	2145	77	16950	1	0
ethan_kahn	0	2660	4541584	134395	1	1
Dr_Moo	0	1841	2165	10488	1	0
The_Nope_Train	0	2407	258	562	1	0
DriveSlowHomie	0	2345	1582	95438	1	0
mentobros	0	2789	474	544	1	0
Karizmo9	0	1917	1075	13883	1	0
pooglet	0	1972	86	1241	1	0
TheRandomno	0	1630	2604	9084	1	0
W_DC	0	2763	292	1950	1	0
needmorewood	0	2008	175	6473	1	0
5280cd	0	2600	153	2816	0	0
sabakasabaka	0	1710	3100	48342	1	0
thatguyonthecouch	0	2954	3938	39659	1	0
j2k3k	0	2482	12663	46068	1	1
seanboyd	0	1776	2188	4906	1	0
Lucky75	0	3132	12296	71114	0	0
BSS19	0	2138	235	2694	1	0
Niarendan	0	2232	18656	17928	1	0
CheshireCat28	0	2447	1	308	0	0
Prtyvacant	0	3117	3901	76868	1	0
LEGEN--wait_for_it	0	2799	11456	221640	1	1
atriax	0	2171	1604	198197	1	0
MikeT97	0	1827	1881	10920	1	0
Kevin-exe	0	1835	10	43	0	0
TLSTAJ	0	1952	990	1573	0	0
tukituki1892	0	1980	528	14996	1	0
Da1Godsend	0	2941	15754	60218	1	0
10sPlaya	0	2664	258	6224	1	0
mattzach84	0	3130	2506	29682	1	0
Striker2993	0	1596	12	2	1	0
OrlesianGentleman	0	2232	161	6910	1	0
Xanadhi	0	2316	269	448	0	0
quesofrito	0	2799	1683	218	1	0
wolfguardian72	0	2631	97685	50361	1	0
CheesyPhil	0	1696	328	8845	1	0
Seda314	0	2237	486	974	1	0
robertsinpants2	0	1990	2781	14535	1	0
warmshotgg	0	2174	24	94	1	0
Hanzo_Ishimura	0	1687	9	2193	1	0
3rdDementor	0	1966	1045	4976	0	0
wintertash	0	3100	14552	47132	1	0
McDanks119	0	1663	1	107	0	0
tcookie88	0	2066	8104	9724	1	0
hoogityboogitiesRIP	0	1911	528	3917	1	0
kushkid_420	0	1596	1	0	0	0
Epicness1324	0	2387	4948	35916	1	0
bedokboy	0	1659	8668	4986	0	0
greatestNothing	0	1932	26	10601	1	0
altitudearts	0	3014	82	2703	1	1
Ladypear	0	1906	1	58	0	0
wholemilklp	0	2393	362	637	1	0
ebarbaric	0	3221	2676	1361	1	0
servernode	0	2745	3285	20639	1	0
KrakenLeasher	0	1780	10	9347	0	0
nightwayne	0	2048	511	4236	1	0
lastresort08	0	1849	8304	18762	1	0
Xkey2	0	2828	223	1284	1	1
Draykon	0	2643	1100	4783	1	0
MAND92	0	1665	9	124	0	0
ibbolia	0	2675	1630	233966	1	0
mephistopheles2u	0	2751	2091	5202	1	1
slightlyupsettingyou	0	1597	1	2519	1	0
strange_like	0	2320	553	5523	0	0
PaperRockChamp	0	2375	6	5704	0	0
squarepeg0000	0	1953	513	124963	0	0
JoshuaSonOfNun	0	2187	129775	69089	1	0
Henderyeht	0	1758	11006	2636	1	0
madisonrebel	0	1979	13880	27767	1	0
cowsandfrogs	0	1612	1249	3871	1	0
g2cta	0	1742	1	7	0	0
atomickate	0	2672	2564	733	1	0
Aidxcl	0	1827	3	54	0	0
omz99	0	1828	28	607	0	1
poktanju	0	2980	7707	232023	1	0
dragonitetrainer	0	1934	32319	70020	1	0
Dualitizer	0	1743	785	21669	1	0
greg_barton	0	2804	57353	64214	1	0
AutoModerator	0	2687	1778	445850	1	1
Duke_Swillbottom	0	2082	1	169994	1	0
Failed_Success	0	2596	7058	1552	1	0
FranticAudi	0	2618	395	10513	1	0
ProResumeWriter_AMA	0	1745	317	4404	0	0
Metaboss84	0	2069	788	41699	1	0
lawndoe	0	2487	26	6857	1	0
chucave	0	2113	468	1271	1	0
kilik102	0	1982	189	163	1	0
the-d0c-is-in	0	1703	483	47352	1	1
ImagineAllTheKarma	0	2346	16952	148059	1	1
coming_up_milhouse	0	2876	81	25898	1	0
Jnsoso	0	1954	1668	1175	1	0
PacoTiko	0	2863	5078	19121	1	0
justcool393	0	2520	53764	75463	1	1
RichyRoach	0	2289	1116	4975	0	1
andocalrissian	0	3153	20	16	1	1
PornOverlord	0	2670	11856	1100	1	0
darksoldier57	0	2632	2115	21520	1	0
brydon10	0	3062	141	857	1	0
Dr_Tower	0	1640	2092	36250	0	0
thisis125st	0	1801	438	2261	1	0
applesaucehaus	0	1821	25	364	1	0
sarabjorks	0	2237	1075	20955	1	0
NattyIceLife	0	2027	238	15043	1	0
bassguitarman	0	2195	1500	2950	1	1
blacksb5	0	1859	1165	370	1	0
dogetipbot	0	1977	5149	79949	1	0
bobthemuffinman	0	2853	13804	20172	1	0
tchaiks	0	2616	801	24565	1	0
OldManToza	0	1705	49	2076	1	0
ThePkmnFreak	0	1896	6287	1531	1	0
DrunkPugsley	0	1710	610	707	0	0
rhettention	0	1686	356	898	0	0
ZeMadHatter	0	2021	229	24	1	0
ctwtn	0	1898	187615	29038	1	0
kr613	0	3064	8167	47980	0	0
spryes	0	2411	17929	12880	1	0
zoozema0	0	2454	12078	48809	1	0
pimpdiggitycong	0	2465	1069	14052	1	0
sambutdifferent	0	1740	379	554	1	0
_mnml	0	2441	627	724	1	0
conflare	0	2439	56	7339	1	0
helium_farts	0	2914	20345	462351	1	0
TurnDownForPage394	0	1738	2753	55470	0	0
alexanderpas	0	2975	22550	168356	1	0
KanoJoe	0	2271	4	1984	1	0
cerberus6320	0	1900	1799	282807	1	0
iBeenie	0	3502	26305	249836	1	0
marian_ruffa	0	1975	4511	2409	1	0
hulio826	0	2420	788	5067	1	0
Amazing-Spider-Man	0	2037	1224	20240	1	0
beetnemesis	0	2917	4229	168027	1	1
vladtheinpaler	0	1977	2294	17431	0	0
Lepony	0	2058	334	49931	1	0
woody_all_day	0	1675	1	22	1	0
ProdigalPunker	0	2772	5141	17285	1	0
Jason5678	0	2497	887	18962	1	0
Eskely	0	2286	98	448	1	0
Azrael_	0	2563	807	19961	0	0
PMmeAnIntimateTruth	0	1836	46	23335	1	0
Immanuelrunt	0	1800	446	3390	0	0
hfgutyl	0	1841	1072	13569	1	0
Trollicus	0	2489	4659	40601	1	0
npsharkie	0	1675	214	3537	1	0
Rob1150	0	3146	1327433	122828	1	0
budbudderk	0	2504	26360	3282	1	0
Legion564	0	1820	7800	2452	1	1
TheHidestHighed	0	1652	4955	54351	1	0
NotoriousJ-O-E	0	1724	1805	4138	1	0
vumashanker	0	2657	380	2079	1	0
throwawayvagu3	0	1768	6	119	0	0
Akula_matatta	0	2765	4648	28224	1	0
MojoGigolo	0	2866	9941	9320	1	0
kimshadows7x	0	2203	1639	608	1	0
jamesdone	0	2183	1	166	0	0
TheOtterbot	0	1701	1	45	1	0
savingprivatebrian15	0	1757	30773	54088	1	0
defcon-12	0	2233	38	11594	0	0
an_fenmere	0	1864	59	2730	1	0
B_Boss	0	2687	3367	15488	1	0
Quick_man	0	2703	15155	119685	1	1
Logicalas	0	2038	9948	8485	1	0
toxictaru	0	2769	881	10367	1	0
doordingboner	0	2503	172	14337	1	0
swagginball-z	0	1951	467	23400	1	0
westkeifer	0	2796	269	16637	1	0
captainth	0	1732	712	4542	1	0
lacielaplante	0	2930	45145	34613	1	0
Thudrussle	0	2031	556	1727	0	0
Mathguy04	0	1848	856	3089	0	0
LuckyYellow	0	1993	1783	2340	0	0
jkjkblimp341	0	1861	448	5654	1	0
EoV42	0	1645	1	4720	1	0
Vysual	0	1987	69	595	1	0
stereoma	0	2139	348	5890	1	0
LordJanas	0	2531	188	30362	1	0
Mastadave2999	0	3149	3746	9191	1	0
Sibilant_Engorgement	0	2527	6737	10635	1	0
Alexrome	0	1740	303	276	0	0
yoman74	0	1603	1	9	1	0
throwawaymylife1012	0	1596	1	0	0	0
Videogamer321	0	3111	15023	29335	1	1
justnologic	0	1623	1	2509	0	0
tmxi	0	2081	147	1000	1	0
pelicansjourney	0	2656	339	3772	1	0
It-Wanted-A-Username	0	2142	6491	80811	0	0
TSPhoenix	0	3408	1874	184699	1	0
BradleyMichaelFahrtz	0	2582	4	822	0	0
IvyGold	0	3133	132786	277521	1	1
mallocer	0	2500	222	2374	1	0
kobrahawk1210	0	2627	671	26695	1	0
BarelyAnyFsGiven	0	2283	1	44284	0	0
joebags15	0	2686	2239	22689	0	0
KaladinStorms	0	1839	12491	54153	1	0
Gramidconet	0	2045	3185	23399	1	0
syphon3980	0	2964	8822	16916	1	0
ramb09chingy	0	1790	16	1509	0	0
ZeroToAHundred	0	1623	25	143	0	0
jbalazov	0	2353	4500	15884	1	0
Recycld_Thrwawy	0	1839	89	107	0	0
ItsAMeMitchell	0	2022	7674	30103	1	0
Zangestu	0	2708	132	22462	1	0
opcloud	0	2442	3223	1502	1	0
Joxposition	0	1635	7	31027	1	0
xDom805	0	2130	88	1524	1	0
bonestarfish	0	1987	84	2619	1	0
BabyMadeAboomBoom	0	1879	2133	15562	1	0
SME64	0	1959	5027	13186	1	1
Hyperdrunk	0	2653	117817	1095541	1	0
OnlyMyWordsMatter	0	2010	74382	39215	1	1
PandaXD001	0	2554	5898	3236	1	0
ClearlyInvsible	0	2027	5025	47164	1	0
ScathachRises	0	1937	1096	13026	1	0
AutoModerator	0	2687	1778	445850	1	1
dystopika	0	2608	35747	252943	1	1
agotwalt	0	3274	49	309	0	0
otoryuo	0	2377	768	2179	1	0
Doopy_of_CP	0	1777	2460	23740	1	0
TheVoice0fReason	0	2304	32	2025	0	0
panda_nectar	0	2595	102964	55020	1	1
blacknegroblacknegro	0	1814	146	4186	0	0
S1MP50N_92	0	1801	1201	1224	1	0
Psycotica	0	3282	1834	9291	1	0
AlexMeanberg	0	2400	2535	35530	1	1
Limabean6	0	2509	258	381	1	0
too_toked	0	2627	3768	38447	1	0
FinanceGI	0	1621	145	6826	0	0
Furuichi	0	2761	644	2132	1	0
tonyb317	0	1879	1	69	0	0
deathkraiser	0	2948	3618	25694	1	0
Silestrio	0	1826	3991	2566	0	0
MaunaLoona	0	3020	57971	150556	1	0
Sdefranc	0	1956	46	1026	0	0
enjumuneer	0	2692	3666	20029	0	0
Redditoriouz	0	2562	1	173	0	0
TechGeek01	0	2016	461	8493	1	0
B0mb-Hands	0	2016	19274	176013	1	0
looklistencreate	0	1632	49	260230	1	0
Californib	0	1690	200	59548	0	0
About_27_Canadians	0	2292	5598	16535	1	0
chicofaraby	0	3892	6258	284534	0	0
smhdraper09	0	2159	13	2877	0	0
Ninja_Bueno	0	1772	11321	11949	1	0
DeanMac1	0	1783	1241	3551	0	0
PM-ME-UR-SUIT	0	1598	1	325	0	0
FYININJA	0	2613	1405	47557	1	0
Doc_holly_day	0	2139	66	1704	1	0
gayrudeboys	0	2442	5538	29703	1	0
MeEvilBob	0	2513	21290	244467	0	0
KillDashNined	0	1913	528	13276	0	0
codinmonke	0	1597	1	0	0	0
081890	0	2101	150	3711	1	1
SergeantBBQ	0	2448	1273	68618	1	0
yoman74	0	1603	1	9	1	0
helladope89	0	1598	31	2040	0	0
BrewMasterDros	0	2617	107	2214	1	0
Tucan_Sam_	0	1789	164	11171	1	0
amasadpanda	0	1664	1	3	0	0
DaSilence	0	2733	15615	80106	1	1
clawnchair	0	1880	1	250	1	0
VictorTheCutie	0	2035	123	8280	1	0
SubtleTypos	0	2111	10096	25524	1	1
AutoModerator	0	2687	1778	445850	1	1
Jntha	0	2114	10	1467	0	0
tehjpaps	0	2681	1975	1356	1	1
TOUCHDOWNJOEMONTANA	0	2471	725	35723	1	0
chiliwomp	0	1676	26	445	0	0
Coasite	0	1608	1	104	1	0
Silosobi	0	2541	124	2789	0	0
tmantactical	0	1767	3491	4102	1	0
low_hanging_nuts	0	1767	89000	31611	1	1
Jenwith1N	0	2287	4262	13443	1	0
thequickzer0	0	2450	381	438	1	1

